-80.0
-78.3838383838
-76.7676767677
-75.1515151515
-73.5353535354
-71.9191919192
-70.303030303
-68.6868686869
-67.0707070707
-65.4545454545
-63.8383838384
-62.2222222222
-60.6060606061
-58.9898989899
-57.3737373737
-55.7575757576
-54.1414141414
-52.5252525253
-50.9090909091
-49.2929292929
-47.6767676768
-46.0606060606
-44.4444444444
-42.8282828283
-41.2121212121
-39.595959596
-37.9797979798
-36.3636363636
-34.7474747475
-33.1313131313
-31.5151515152
-29.898989899
-28.2828282828
-26.6666666667
-25.0505050505
-23.4343434343
-21.8181818182
-20.202020202
-18.5858585859
-16.9696969697
-15.3535353535
-13.7373737374
-12.1212121212
-10.5050505051
-8.88888888889
-7.27272727273
-5.65656565657
-4.0404040404
-2.42424242424
-0.808080808081
0.808080808081
2.42424242424
4.0404040404
5.65656565657
7.27272727273
8.88888888889
10.5050505051
12.1212121212
13.7373737374
15.3535353535
16.9696969697
18.5858585859
20.202020202
21.8181818182
23.4343434343
25.0505050505
26.6666666667
28.2828282828
29.898989899
31.5151515152
33.1313131313
34.7474747475
36.3636363636
37.9797979798
39.595959596
41.2121212121
42.8282828283
44.4444444444
46.0606060606
47.6767676768
49.2929292929
50.9090909091
52.5252525253
54.1414141414
55.7575757576
57.3737373737
58.9898989899
60.6060606061
62.2222222222
63.8383838384
65.4545454545
67.0707070707
68.6868686869
70.303030303
71.9191919192
73.5353535354
75.1515151515
76.7676767677
78.3838383838
80.0
